



















0
0
0
0
0





0







2
2
2
2
2
2
2
0
0
2
2
2
0
0
0
0
10
0
2
2











0
2
0
0
0
0
0
0
0
2
2
2
2
0
0
0
0





0
0
1
0
0
1
1




0
0
0
0
0
0
0
0






2
0
5
0
8
1
0
0
0
5
0
0
0
5
5
5
5
0
8
8
8
0
0
2







0
0
0








0
0
0
0
0
7
0
8




8
7
7
0
5
7
7
1







5
1
0
0
0
0
0
0
1
1
0
0
9
5
0
0
0

